    1
    2
    3
    4
    5
    6
    8
   10
   11
   12
   13
   14
   15
   16
   18
   19
   20
   21
   23
   24
   25
   26
   29
   30
   31
   33
   38
   39
   40
   41
   42
   43
   44
   45
   47
   48
   49
   50
   51
   52
   53
   54
   55
   57
   61
   63
   65
   66
   67
   68
   73
   78
   79
  123
  137
  138
  156
  176
  177
  353
  384
  446
  447
  448
  449
  450
  451
  481
  482
  509
  517
  526
  530
  554
  617
  625
  791
  793
  794
  860
  889
  890
  988
 1005
 1006
 1333
 1337
 1360
 1383
 1394
 1395
 1457
 1468
 1875
 1877
 1882
 1883
 1884
 1885
 1886
 1887
 2172
 2652
 2658
 2659
 2910
 2923
 2924
 3910
 3921
 3922
 3983
 4041
 4042
 4081
 4181
 4182
 4199
 4213
 4214
 4228
 4258
 4259
 4268
 4270
 4271
 4438
 4474
 4475
 4489
 4490
 4721
 4757
 4758
 4807
 4818
 4819
 5723
 6123
 6124
 6282
 6318
 6319
 6902
 6925
 6938
 6939
 7095
 7107
 7108
 7207
 7391
 7406
 7407
 7717
 7869
 7875
 7876
 7934
 7999
 8180
 8200
 8201
 8229
 8746
 9621
 9627
 9628
10221
10382
10448
10449
11183
11194
11195
11491
11522
11523
11823
11829
11830
11839
11841
11842
12413
12451
12452
12674
12680
12683
12719
12847
13280
13317
13318
13523
13568
13569
13837
13861
13862
13977
13989
13990
13994
14002
14003
14165
14183
14184
14672
14767
14784
14793
15718
16092
16098
16473
18648
18850
18857
18865
18978
18996
18997
19815
19825
19826
20322
20346
20347
20694
20700
20701
20731
20739
20740
21013
21029
21030
21617
21682
21683
22030
22060
22061
22157
22188
22189
22272
22278
22279
22369
22401
22402
22460
22474
22497
22498
23174
23185
23186
23623
23638
23639
23696
23710
23711
24058
24068
24074
24077
24096
24097
24099
24115
24198
24199
24240
24266
24267
24281
24289
24291
24292
24385
24413
24414
24478
24479
24875
24897
24903
24904
24914
24946
24947
24958
24966
25307
25308
25401
25479
25598
25599
25813
25828
26085
26086
26884
27010
27558
27571
27572
27938
28007
28046
28047
28073
28074
28110
28118
28271
28394
28412
28413
28482
28533
28535
28585
28606
28619
28620
28680
28681
28704
28718
28719
28737
28745
28790
28791
29053
29582
29627
29734
29782
29788
29789
29922
30246
30280
30281
30423
30426
30666
30667
30827
30828
30829
30898
30909
30928
30929
30944
30945
30961
30962
31236
31253
31254
31268
31291
31293
32588
32643
32651
