   1499
   1500
   1506
   1509
   1514
   1515
   1522
   1548
   1552
   1586
   1590
   1633
   1634
   1636
   1646
   1652
   1654
   1688
   1695
   1698
   1763
   1771
   1782
   1790
   1797
   1799
   1810
   1817
   1822
   1831
   1841
   1851
   1863
   1878
   1885
   1886
   1887
   1890
   1893
   1894
   1897
   1898
   1900
   1901
   1903
   1905
   1907
   1908
   1909
   1910
   1921
   1933
   1939
   2010
   2054
   2056
   2057
   2061
   2063
   2075
   2099
   2176
   2180
   2181
   2216
   2297
   2311
   2315
   2335
   2362
   2375
   2383
   2437
   3452
   3518
   3681
   3684
   3690
   3916
   3919
   3925
   5077
   5085
   5191
